output = [25.00
25.00
25.00
25.00
25.00
25.00
25.06
25.00
25.00
25.06
25.06
25.06
25.06
25.06
25.06
25.12
25.12
25.12
25.12
25.12
25.12
25.12
25.19
25.19
25.19
25.19
25.19
25.19
25.25
25.25
25.25
25.25
25.31
25.31
25.31
25.31
25.31
25.31
25.31
25.37
25.37
25.37
25.37
25.44
25.44
25.44
25.44
25.44
25.44
25.50
25.50
25.50
25.56
25.50
25.56
25.56
25.56
25.62
25.62
25.69
25.62
25.69
25.69
25.69
25.69
25.69
25.69
25.69
25.75
25.75
25.75
25.75
25.81
25.81
25.81
25.81
25.81
25.87
25.94
25.94
25.94
26.00
26.00
26.06
26.06
26.12
26.12
26.12
26.19
26.19
26.19
26.19
26.25
26.25
26.25
26.25
26.31
26.31
26.31
26.31
26.37
26.37
26.44
26.37
26.44
26.44
26.44
26.50
26.50
26.50
26.56
26.56
26.56
26.62
26.62
26.62
26.69
26.62
26.69
26.75
26.75
26.75
26.81
26.81
26.87
26.87
26.94
26.94
26.94
27.00
27.00
27.06
27.06
27.12
27.12
27.12
27.19
27.19
27.19
27.25
27.25
27.31
27.31
27.31
27.37
27.37
27.44
27.44
27.44
27.50
27.56
27.56
27.62
27.62
27.62
27.69
27.69
27.75
27.75
27.81
27.81
27.81
27.87
27.87
27.94
28.00
28.00
28.06
28.06
28.12
28.12
28.12
28.19
28.19
28.25
28.25
28.31
28.37
28.37
28.44
28.44
28.50
28.50
28.56
28.62
28.62
28.69
28.69
28.69
28.75
28.81
28.87
28.87
28.87
28.87
28.94
29.00
29.06
29.06
29.06
29.06
29.12
29.12
29.19
29.19
29.25
29.25
29.31
29.37
29.37
29.37
29.37
29.44
29.50
29.50
29.56
29.56
29.62
29.69
29.69
29.75
29.75
29.75
29.81
29.81
29.87
29.94
29.94
29.94
30.06
30.06
30.06
30.12
30.12
30.19
30.19
30.25
30.25
30.31
30.37
30.37
30.37
30.44
30.44
30.50
30.50
30.50
30.56
30.62
30.62
30.62
30.69
30.69
30.75
30.81
30.81
30.81
30.87
30.94
30.94
30.94
31.00
31.06
31.06
31.06
31.12
31.12
31.19
31.25
31.25
31.25
31.31
31.37
31.37
31.44
31.44
31.44
31.50
31.56
31.56
31.62
31.62
31.69
31.69
31.69
31.81
31.81
31.87
31.87
31.94
31.94
32.00
32.06
32.06
32.13
32.13
32.19
32.19
32.25
32.25
32.31
32.31
32.38
32.44
32.44
32.50
32.56
32.56
32.56
32.63
32.63
32.75
32.75
32.75
32.81
32.88
32.94
32.94
33.00
33.00
33.06
33.13
33.13
33.13
33.25
33.25
33.25
33.31
33.31
33.38
33.38
33.44
33.50
33.50
33.56
33.56
33.63
33.69
33.69
33.69
33.75
33.75
33.81
33.81
33.88
33.94
33.94
34.00
34.00
34.06
34.06
34.13
34.13
34.19
34.25
34.25
34.31
34.31
34.38
34.38
34.44
34.44
34.44
34.50
34.56
34.56
34.63
34.63
34.69
34.69
34.69
34.75
34.81
34.81
34.81
34.88
34.94
34.94
35.00
35.00
35.06
35.13
35.13
35.13
35.19
35.25
35.25
35.31
35.31
35.38
35.38
35.44
35.50
35.50
35.56
35.63
35.63
35.69
35.69
35.69
35.75
35.81
35.81
35.88
35.88
35.94
35.94
36.00
36.00
36.06
36.06
36.06
36.13
36.19
36.19
36.19
36.25
36.31
36.31
36.38
36.38
36.38
36.44
36.44
36.50
36.50
36.50
36.63
36.63
36.69
36.69
36.75
36.75
36.81
36.81
36.88
36.88
36.94
37.00
37.00
37.06
37.06
37.06
37.13
37.19
37.19
37.25
37.31
37.31
37.38
37.38
37.44
37.50
37.50
37.56
37.56
37.63
37.63
37.69
37.69
37.75
37.75
37.81
37.81
37.88
37.94
37.94
37.94
38.00
38.06
38.06
38.13
38.13
38.19
38.25
38.25
38.25
38.31
38.38
38.38
38.38
38.44
38.44
38.50
38.56
38.56
38.63
38.69
38.69
38.69
38.75
38.75
38.81
38.81
38.88
38.88
38.94
38.94
38.94
39.00
39.06
39.06
39.06
39.06
39.13
39.13
39.19
39.19
39.25
39.31
39.31
39.38
39.38
39.44
39.44
39.50
39.56
39.50
39.56
39.63
39.63
39.69
39.75
39.75
39.81
39.81
39.88
39.88
39.94
39.94
40.00
40.00
40.06
40.06
40.13
40.19
40.19
40.25
40.25
40.31
40.31
40.38
40.44
40.44
40.50
40.50
40.50
40.63
40.63
40.63
40.69
40.69
40.75
40.75
40.75
40.81
40.88
40.88
40.94
40.94
40.94
41.00
41.00
41.06
41.06
41.13
41.13
41.13
41.19
41.25
41.25
41.31
41.31
41.38
41.38
41.38
41.38
41.44
41.50
41.50
41.50
41.56
41.63
41.63
41.63
41.69
41.69
41.75
41.75
41.81
41.81
41.88
41.88
41.94
41.94
42.00
42.00
42.06
42.06
42.13
42.13
42.19
42.19
42.25
42.25
42.31
42.31
42.38
42.38
42.44
42.44
42.50
42.50
42.50
42.56
42.63
42.63
42.69
42.69
42.75
42.75
42.81
42.81
42.88
42.88
42.88
42.94
43.00
43.00
43.00
43.06
43.06
43.13
43.13
43.19
43.25
43.25
43.25
43.31
43.31
43.38
43.38
43.44
43.44
43.44
43.50
43.50
43.56
43.56
43.63
43.63
43.63
43.69
43.69
43.75
43.75
43.81
43.81
43.88
43.88
43.94
43.94
44.00
44.00
44.06
44.06
44.13
44.19
44.19
44.19
44.25
44.25
44.31
44.31
44.38
44.38
44.44
44.44
44.50
44.56
44.56
44.56
44.63
44.69
44.69
44.69
44.69
44.75
44.75
44.81
44.88
44.88
44.94
44.94
44.94
45.00
45.00
45.06
45.13
45.13
45.19
45.19
45.25
45.25
45.31
45.31
45.38
45.38
45.44
45.44
45.50
45.56
45.56
45.56
45.63
45.69
45.69
45.69
45.75
45.81
45.81
45.81
45.88
45.88
45.94
45.94
46.00
46.00
46.00
46.06
46.06
46.13
46.13
46.19
46.19
46.25
46.25
46.31
46.31
46.38
46.44
46.44
46.44
46.44
46.50
46.56
46.63
46.63
46.63
46.69
46.75
46.75
46.75
46.81
46.81
46.81
46.88
46.88
46.94
46.94
46.94
47.00
47.06
47.06
47.06
47.13
47.13
47.19
47.19
47.25
47.25
47.31
47.31
47.38
47.38
47.44
47.44
47.50
47.50
47.50
47.56
47.63
47.63
47.69
47.69
47.75
47.75
47.81
47.88
47.88
47.88
47.94
47.94
48.00
48.00
48.00
48.00
48.06
48.06
48.13
48.13
48.13
48.19
48.25
48.25
48.25
48.31
48.31
48.38
48.38
48.38
48.38
48.44
48.44
48.44
48.50
48.50
48.50
48.56
48.56
48.56
48.63
48.63
48.63
48.75
48.75
48.75
48.75
48.81
48.88
48.81
48.88
48.88
48.94
48.94
49.00
49.00
49.00
49.00
49.06
49.13
49.13
49.13
49.19
49.19
49.25
49.25
49.31
49.31
49.31
49.31
49.38
49.38
49.44
49.44
49.44
49.50
49.50
49.56
49.63
49.63
49.63
49.69
49.69
49.75
49.75
49.75
49.81
49.81
49.81
49.88
49.88
49.94
50.00
50.00
50.00
50.06
50.06
50.13
50.13
50.13
50.19
50.19
50.25
50.31
50.31
50.38
50.44
50.44
50.50
50.50
50.56
50.56
50.56
50.56
50.63
50.69
50.69
50.69
50.75
50.75
50.81
50.81
50.81
50.88
50.94
50.94
51.00
51.00
51.06
51.06
51.06
51.13
51.19
51.13
51.19
51.19
51.25
51.25
51.25
51.25
51.31
51.31
51.31
51.38
51.38
51.38
51.44
51.44
51.44
51.50
51.50
51.50
51.56
51.63
51.63
51.63
51.69
51.69
51.75
51.75
51.81
51.81
51.81
51.88
51.88
51.94
52.00
52.00
52.00
52.06
52.06
52.06
52.13
52.13
52.19
52.19
52.19
52.25
52.25
52.31
52.31
52.31
52.38
52.38
52.38
52.44
52.44
52.50
52.50
52.50
52.56
52.63
52.63
52.63
52.63
52.63
52.69
52.69
52.75
52.81
52.81
52.81
52.94
52.88
52.94
52.94
53.00
53.00
53.06
53.00
53.06
53.06
53.13
53.13
53.19
53.13
53.19
53.19
53.25
53.25
53.31
53.31
53.38
53.38
53.44
53.44
53.44
53.50
53.50
53.50
53.50
53.56
53.56
53.63
53.63
53.69
53.69
53.75
53.75
53.75
53.81
53.81
53.81
53.88
53.88
53.94
53.94
54.00
54.00
54.00
54.06
54.06
54.06
54.06
54.13
54.13
54.19
54.19
54.19
54.25
54.25
54.25
54.31
54.31
54.31
54.31
54.38
54.38
54.44
54.50
54.50
54.50
54.56
54.56
54.56
54.63
54.63
54.69
54.69
54.75
54.75
54.81
54.81
54.81
54.88
54.88
54.88
54.88
54.88
54.88
54.94
54.94
55.00
55.00
55.00
55.06
55.13
55.13
55.19
55.19
55.19
55.25
55.25
55.25
55.31
55.31
55.38
55.38
55.44
55.44
55.44
55.44
55.44
55.50
55.44
55.50
55.50
55.56
55.56
55.63
55.63
55.63
55.63
55.63
55.69
55.69
55.69
55.69
55.75
55.75
55.75
55.75
55.75
55.81
55.75
55.81
55.81
55.81
55.81
55.88
55.88
55.88
55.94
55.94
55.94
56.00
56.00
56.00
56.00
56.00
56.06
56.06
56.06
56.06
56.13
56.13
56.13
56.13
56.19
56.19
